x <- 10
y <- c(2,3,4)
z <- (1:5)^2
x[-c(1,3)]